  0.589999735      -3.12322122E-03  -3.53798550E-03  0.172575787      0.172118366      0.344694167    
   1.18999922      -6.70218188E-03  -7.44355936E-03  0.697130084      0.691629052       1.38875914    
   1.78999865      -9.28367954E-03  -1.23496111E-02   1.56439579       1.54724693       3.11164284    
   2.38999820      -1.20142978E-02  -1.73607413E-02   2.76012039       2.73311019       5.49323034    
   2.98999763      -1.48711791E-02  -2.23185904E-02   4.27543688       4.23840809       8.51384544    
   3.58999705      -1.71806458E-02  -2.80891228E-02   6.10342169       6.05501556       12.1584377    
   4.19000101      -1.99289173E-02  -3.48533317E-02   8.24103928       8.16639805       16.4074383    
   4.79001474      -2.41943430E-02  -4.36597131E-02   10.6717577       10.5658665       21.2376251    
   5.39002848      -2.88548004E-02  -5.15750609E-02   13.3897142       13.2441950       26.6339092    
   5.99004221      -3.34503874E-02  -5.77156916E-02   16.3855820       16.1930447       32.5786247    
   6.59005594      -3.69351096E-02  -6.39253631E-02   19.6518555       19.4088821       39.0607376    
   7.19006968      -4.02269699E-02  -6.99913278E-02   23.1811485       22.8808479       46.0619965    
   7.79008341      -4.39984240E-02  -7.61917084E-02   26.9605560       26.6153812       53.5759392    
   8.39009666      -4.73872572E-02  -8.14583376E-02   30.9830532       30.5961838       61.5792389    
   8.99011040      -5.03178947E-02  -8.56886730E-02   35.2427711       34.8110085       70.0537796    
   9.59012413      -5.33398688E-02  -8.97123367E-02   39.7466469       39.2538567       79.0005035    
   10.1901379      -5.43905757E-02  -9.45683867E-02   44.4755211       43.9224701       88.3979950    
   10.7901516      -5.50985523E-02 -0.100105777       49.4258232       48.8063850       98.2322159    
   11.3901653      -5.53034432E-02 -0.105394766       54.5898743       53.9047241       108.494598    
   11.9901791      -5.43014593E-02 -0.110635728       59.9846497       59.1938362       119.178490    
   12.5901928      -5.35255186E-02 -0.115568638       65.5755692       64.6888657       130.264435    
   13.1902065      -5.24227954E-02 -0.120444216       71.3762894       70.3646469       141.740936    
   13.7902203      -5.03508262E-02 -0.125591293       77.3789062       76.2179565       153.596863    
   14.3902340      -4.72092815E-02 -0.129396319       83.5686111       82.2811661       165.849777    
   14.9902477      -4.35083546E-02 -0.131913334       89.9446716       88.5070343       178.451706    
   15.5902615      -3.95402946E-02 -0.133216545       96.4977036       94.8883057       191.386017    
   16.1902752      -3.68950553E-02 -0.133489504       103.227058       101.439941       204.667007    
   16.7902889      -3.51563171E-02 -0.134263352       110.107651       108.158447       218.266098    
   17.3903027      -3.34135816E-02 -0.134628177       117.138565       115.052841       232.191406    
   17.9903164      -3.21244746E-02 -0.135193184       124.320450       122.089676       246.410126    
   18.5903301      -3.09874825E-02 -0.136114031       131.663986       129.283035       260.947021    
   19.1903439      -3.03651765E-02 -0.137095168       139.143631       136.636185       275.779785    
   19.7903576      -2.98222080E-02 -0.137517244       146.721405       144.134262       290.855652    
   20.3903713      -2.90471837E-02 -0.137911007       154.403397       151.777847       306.181244    
   20.9903851      -2.82089822E-02 -0.139736712       162.187714       159.556381       321.744110    
   21.5903988      -2.85699796E-02 -0.141294971       170.094345       167.478119       337.572449    
   22.1904125      -2.98847631E-02 -0.143414900       178.115417       175.548645       353.664062    
   22.7904263      -3.04345619E-02 -0.145311847       186.296478       183.745361       370.041840    
   23.3904400      -2.99571473E-02 -0.146381646       194.606476       192.051117       386.657593    
   23.9904537      -3.09959780E-02 -0.147722512       203.039856       200.453293       403.493164    
   24.5904675      -3.43438014E-02 -0.150916144       211.590393       208.969635       420.560059    
   25.1904812      -3.75026427E-02 -0.154462188       220.275131       217.624924       437.900055    
   25.7904949      -4.19288911E-02 -0.158243746       229.068146       226.379974       455.448090    
   26.3905087      -4.65586148E-02 -0.161657795       237.932968       235.256729       473.189697    
   26.9905224      -5.05842716E-02 -0.164498076       246.881943       244.228928       491.110901    
   27.5905361      -5.56793585E-02 -0.167345718       255.935181       253.276794       509.212006    
   28.1905499      -5.99836111E-02 -0.169412076       265.109406       262.396088       527.505493    
   28.7905636      -6.29146099E-02 -0.170707345       274.388428       271.568909       545.957275    
   29.3905773      -6.51720464E-02 -0.171232343       283.726196       280.859528       564.585693    
   29.9905910      -6.84967712E-02 -0.171456277       293.136993       290.235168       583.372192    
   30.5906048      -7.11142421E-02 -0.172912836       302.654785       299.662781       602.317566    
   31.1906185      -7.41001144E-02 -0.173301950       312.286469       309.199188       621.485657    
   31.7906322      -7.81815201E-02 -0.172342584       322.015381       318.829865       640.845215    
   32.3905716      -8.23989138E-02 -0.170642212       331.840668       328.525238       660.365906    
   32.9904709      -8.64695162E-02 -0.168623269       341.706299       338.266113       679.972412    
   33.5903702      -9.06705409E-02 -0.165012404       351.663635       348.070282       699.733887    
   34.1902695      -9.63110104E-02 -0.160682842       361.681946       357.948639       719.630615    
   34.7901688     -0.100698486     -0.156511873       371.780365       367.911865       739.692261    
   35.3900681     -0.104540549     -0.152828455       381.977264       377.962006       759.939270    
   35.9899673     -0.108659945     -0.147770047       392.249634       388.026031       780.275635    
   36.5898666     -0.113438785     -0.141566440       402.538666       398.170227       800.708923    
   37.1897659     -0.118513711     -0.134576067       412.853271       408.448608       821.301880    
   37.7896652     -0.122349709     -0.127300695       423.271301       418.822540       842.093811    
   38.3895645     -0.125898480     -0.120259523       433.815308       429.255341       863.070618    
   38.9894638     -0.129004583     -0.113520958       444.395844       439.740936       884.136780    
   39.5893631     -0.131301686     -0.107629269       454.981293       450.298004       905.279297    
   40.1892624     -0.132004827     -0.101569809       465.629395       460.858704       926.488098    
   40.7891617     -0.132406145      -9.67813507E-02   476.267944       471.480347       947.748291    
   41.3890610     -0.134083495      -9.19184387E-02   486.933838       482.166443       969.100281    
   41.9889603     -0.135185719      -8.74178112E-02   497.604309       492.878540       990.482788    
   42.5888596     -0.135709539      -8.35065544E-02   508.263397       503.577545       1011.84100    
   43.1887589     -0.137052700      -8.00753906E-02   518.967773       514.319641       1033.28735    
   43.7886581     -0.139046982      -7.63715059E-02   529.722229       525.072876       1054.79504    
   44.3885574     -0.140871942      -7.32956305E-02   540.550354       535.812622       1076.36304    
   44.9884567     -0.143392861      -7.04979599E-02   551.400330       546.490173       1097.89038    
   45.5883560     -0.144599169      -6.87095374E-02   562.282593       557.153320       1119.43604    
   46.1882553     -0.145164028      -6.74989596E-02   573.183594       567.836975       1141.02063    
   46.7881546     -0.146369562      -6.65600002E-02   584.145508       578.545593       1162.69104    
   47.3880539     -0.147858649      -6.67055398E-02   595.193848       589.271484       1184.46545    
   47.9879532     -0.149559364      -6.74129575E-02   606.201416       599.967773       1206.16919    
   48.5878525     -0.151193500      -6.76495582E-02   617.254822       610.727112       1227.98193    
   49.1877518     -0.153526679      -6.68583959E-02   628.358826       621.498474       1249.85730    
   49.7876511     -0.156408057      -6.62430376E-02   639.449219       632.284180       1271.73340    
   50.3875504     -0.157951325      -6.58269897E-02   650.568787       643.068970       1293.63782    
   50.9874496     -0.158822849      -6.67696670E-02   661.786133       653.873108       1315.65918    
   51.5873489     -0.161058247      -6.68362156E-02   673.048157       664.709290       1337.75745    
   52.1872482     -0.163035169      -6.74992576E-02   684.349487       675.515320       1359.86475    
   52.7871475     -0.164452046      -6.88379109E-02   695.677917       686.453979       1382.13196    
   53.3870468     -0.165820435      -7.09125847E-02   707.003296       697.461975       1404.46521    
   53.9869461     -0.165661648      -7.33138025E-02   718.352295       708.508789       1426.86108    
   54.5868454     -0.166008353      -7.60514513E-02   729.743530       719.550415       1449.29395    
   55.1867447     -0.167300418      -7.94246346E-02   741.146362       730.549500       1471.69580    
   55.7866440     -0.168804094      -8.23587105E-02   752.457092       741.627869       1494.08496    
   56.3865433     -0.171033069      -8.40050355E-02   763.736023       752.855835       1516.59192    
   56.9864426     -0.173254922      -8.53591785E-02   774.985901       764.061340       1539.04724    
   57.5863419     -0.173215032      -8.62570554E-02   786.225891       775.238953       1561.46484    
   58.1862411     -0.172229409      -8.63279775E-02   797.517090       786.378967       1583.89600    
   58.7861404     -0.171629682      -8.66286233E-02   808.807800       797.504089       1606.31189    
   59.3860397     -0.172900051      -8.60648677E-02   820.110413       808.612793       1628.72314    
   59.9859390     -0.176287323      -8.60178322E-02   831.342957       819.740662       1651.08362    
   60.5858383     -0.180199966      -8.69081244E-02   842.519592       830.899536       1673.41919    
   61.1857376     -0.183613792      -8.69423971E-02   853.698975       842.083374       1695.78235    
   61.7856369     -0.188319698      -8.58333856E-02   864.882690       853.340698       1718.22339    
   62.3855362     -0.192741320      -8.47028345E-02   876.054016       864.624695       1740.67883    
   62.9854355     -0.196541131      -8.51527974E-02   887.185913       876.006897       1763.19275    
   63.5853348     -0.200908557      -8.50634798E-02   898.352600       887.390930       1785.74365    
   64.1853027     -0.204628319      -8.54100734E-02   909.420288       898.833008       1808.25317    
   64.7854309     -0.207112864      -8.57710838E-02   920.440613       910.212097       1830.65283    
   65.3855591     -0.208636627      -8.55496973E-02   931.481323       921.605591       1853.08679    
   65.9856873     -0.210849762      -8.55007470E-02   942.564880       933.063599       1875.62842    
   66.5858154     -0.211964265      -8.47998932E-02   953.810913       944.524597       1898.33557    
   67.1859436     -0.212910056      -8.37926865E-02   965.139404       955.952393       1921.09180    
   67.7860718     -0.214583546      -8.25990960E-02   976.493408       967.320374       1943.81384    
   68.3862000     -0.216462448      -8.28972831E-02   987.882019       978.674194       1966.55615    
   68.9863281     -0.216918364      -8.24675784E-02   999.331421       990.073425       1989.40479    
   69.5864563     -0.216921732      -8.16922635E-02   1010.71661       1001.45038       2012.16699    
   70.1865845     -0.217644975      -8.13037530E-02   1022.15057       1012.77643       2034.92700    
   70.7867126     -0.219273895      -8.11567008E-02   1033.60388       1024.00439       2057.60840    
   71.3868408     -0.219887480      -8.07220042E-02   1045.08740       1035.28235       2080.36987    
   71.9869690     -0.220978826      -8.00498724E-02   1056.56702       1046.59387       2103.16089    
   72.5870972     -0.221634135      -7.97412992E-02   1068.09668       1057.84460       2125.94116    
   73.1872253     -0.220273748      -7.85640851E-02   1079.64917       1069.07849       2148.72754    
   73.7873535     -0.218028083      -7.78068975E-02   1091.20166       1080.28650       2171.48804    
   74.3874817     -0.216866896      -7.65187666E-02   1102.77026       1091.50793       2194.27832    
   74.9876099     -0.216330737      -7.43882731E-02   1114.37427       1102.78784       2217.16211    
   75.5877380     -0.215592742      -7.26395473E-02   1125.98047       1114.09009       2240.07056    
   76.1878662     -0.214894116      -7.19409660E-02   1137.60095       1125.36426       2262.96509    
   76.7879944     -0.213278711      -7.00226426E-02   1149.11584       1136.73584       2285.85156    
   77.3881226     -0.211327642      -6.69254065E-02   1160.64294       1148.18494       2308.82788    
   77.9882507     -0.208893552      -6.42454550E-02   1172.21130       1159.71069       2331.92212    
   78.5883789     -0.206405520      -6.21915348E-02   1183.81006       1171.35315       2355.16309    
   79.1885071     -0.202504233      -5.98011166E-02   1195.43994       1182.94531       2378.38525    
   79.7886353     -0.198544398      -5.70738949E-02   1207.18506       1194.50928       2401.69434    
   80.3887634     -0.195454806      -5.31585068E-02   1218.96252       1206.03430       2424.99683    
   80.9888916     -0.192286044      -4.88881208E-02   1230.77661       1217.52466       2448.30127    
   81.5890198     -0.188821703      -4.59086485E-02   1242.57935       1229.08374       2471.66309    
   82.1891479     -0.185332999      -4.38787341E-02   1254.29492       1240.66248       2494.95752    
   82.7892761     -0.180325106      -4.16881852E-02   1265.95312       1252.34265       2518.29565    
   83.3894043     -0.175548226      -3.86213101E-02   1277.57104       1264.07666       2541.64771    
   83.9895325     -0.170650646      -3.61136869E-02   1289.25781       1275.81165       2565.06934    
   84.5896606     -0.165832907      -3.34223099E-02   1300.99695       1287.51233       2588.50928    
   85.1897888     -0.162051737      -3.11074853E-02   1312.52234       1299.29626       2611.81860    
   85.7899170     -0.158879086      -2.87431758E-02   1323.91467       1311.14758       2635.06250    
   86.3900452     -0.154745892      -2.66019776E-02   1335.23877       1322.99585       2658.23486    
   86.9901733     -0.149611041      -2.34182030E-02   1346.47961       1334.78088       2681.26050    
   87.5903015     -0.145175532      -1.94230620E-02   1357.76868       1346.57544       2704.34399    
   88.1904297     -0.139566511      -1.40499864E-02   1369.04858       1358.37146       2727.41992    
   88.7905579     -0.134127766      -8.71148240E-03   1380.29163       1370.23035       2750.52197    
   89.3906860     -0.127863809      -3.17158503E-03   1391.52332       1382.08826       2773.61157    
   89.9908142     -0.121721007       3.50342528E-03   1402.76587       1393.98376       2796.74951    
   90.5909424     -0.115194261       9.50637832E-03   1413.99951       1405.83582       2819.83521    
   91.1910706     -0.108856298       1.32609969E-02   1425.25269       1417.62646       2842.87915    
   91.7911987     -0.102434985       1.47453006E-02   1436.37915       1429.39075       2865.77002    
   92.3913269      -9.57600251E-02   1.60218477E-02   1447.47351       1441.11755       2888.59131    
   92.9914551      -8.95592272E-02   1.66459698E-02   1458.65076       1452.88635       2911.53711    
   93.5915833      -8.32342356E-02   1.72079820E-02   1469.79968       1464.71216       2934.51196    
   94.1917114      -7.59974197E-02   1.72067042E-02   1480.93079       1476.50818       2957.43896    
   94.7918396      -6.96065947E-02   1.68974213E-02   1492.12781       1488.23315       2980.36108    
   95.3919678      -6.49254024E-02   1.54864537E-02   1503.32593       1499.86865       3003.19458    
   95.9920959      -6.08523935E-02   1.41127789E-02   1514.55066       1511.56299       3026.11353    
   96.5922241      -5.92718124E-02   1.11841923E-02   1525.82275       1523.30225       3049.12500    
   97.1923523      -5.91134205E-02   8.19390640E-03   1537.15063       1535.13330       3072.28394    
   97.7924805      -5.85222058E-02   5.39228879E-03   1548.40015       1546.94397       3095.34424    
   98.3926086      -5.69092110E-02   1.29318074E-03   1559.74231       1558.77246       3118.51489    
   98.9927368      -5.54244034E-02  -1.85754267E-03   1571.10449       1570.58325       3141.68774    
   99.5928650      -5.40709905E-02  -4.83480887E-03   1582.42322       1582.31494       3164.73804    
   100.192993      -5.14934026E-02  -8.45564529E-03   1593.77405       1593.97278       3187.74683    
   100.793121      -4.72543575E-02  -1.22385640E-02   1605.19800       1605.59937       3210.79736    
   101.393250      -4.21072729E-02  -1.55257508E-02   1616.60706       1617.20715       3233.81445    
   101.993378      -3.62113118E-02  -1.81715284E-02   1628.02417       1628.90161       3256.92578    
   102.593506      -2.77389809E-02  -1.91276725E-02   1639.43018       1640.49084       3279.92114    
   103.193634      -1.89133529E-02  -1.94341484E-02   1650.88196       1652.16199       3303.04395    
   103.793762      -8.49652570E-03  -1.94964893E-02   1662.32190       1663.77869       3326.10059    
   104.393890       7.14329362E-04  -1.89299025E-02   1673.67651       1675.24329       3348.91992    
   104.994019       7.07649859E-03  -1.80815179E-02   1684.99414       1686.59363       3371.58789    
   105.594147       1.27771031E-02  -1.65557247E-02   1696.37622       1697.91077       3394.28711    
   106.194275       1.74533520E-02  -1.45231877E-02   1707.78284       1709.09363       3416.87646    
   106.794403       2.00353656E-02  -1.26021523E-02   1719.19495       1720.31274       3439.50806    
   107.394531       2.43797172E-02  -1.15885111E-02   1730.64746       1731.47498       3462.12231    
   107.994659       2.83805002E-02  -1.17161144E-02   1742.13379       1742.70679       3484.84082    
   108.594788       3.20852585E-02  -1.22602247E-02   1753.61401       1754.01941       3507.63354    
   109.194916       3.55531499E-02  -1.44636380E-02   1765.10400       1765.30640       3530.41040    
   109.795044       3.72064598E-02  -1.69881191E-02   1776.65039       1776.67383       3553.32397    
   110.395172       3.81780043E-02  -1.75316203E-02   1788.32776       1788.08081       3576.40869    
   110.995300       4.01598029E-02  -1.78130195E-02   1800.04822       1799.62561       3599.67358    
   111.595428       4.31661084E-02  -1.81173906E-02   1811.82935       1811.30823       3623.13770    
   112.195557       4.50953692E-02  -1.86678674E-02   1823.70337       1823.00940       3646.71289    
   112.795685       4.71382067E-02  -2.07064133E-02   1835.52466       1834.73938       3670.26392    
   113.395813       4.87046391E-02  -2.31795348E-02   1847.33777       1846.52661       3693.86450    
   113.995941       5.13177961E-02  -2.63704471E-02   1859.14685       1858.28796       3717.43481    
   114.596069       5.31431884E-02  -2.99389195E-02   1871.04395       1870.07703       3741.12085    
   115.196198       5.46169728E-02  -3.35562937E-02   1882.98364       1881.87158       3764.85522    
   115.796326       5.72029725E-02  -3.72145139E-02   1894.90735       1893.68604       3788.59351    
   116.396454       6.05245791E-02  -4.22626063E-02   1906.85461       1905.36121       3812.21606    
   116.996582       6.47690520E-02  -4.75936756E-02   1918.89441       1916.98242       3835.87671    
   117.596710       6.86152130E-02  -5.33009022E-02   1930.93420       1928.54517       3859.47925    
   118.196838       7.27430582E-02  -5.81726618E-02   1943.01660       1940.12524       3883.14160    
   118.796967       7.63148516E-02  -6.25295565E-02   1955.09741       1951.69104       3906.78833    
   119.397095       7.99586847E-02  -6.63546622E-02   1967.26685       1963.24597       3930.51270    
   119.997223       8.24147910E-02  -6.78511932E-02   1979.40662       1975.00305       3954.40967    
   120.597351       8.53657946E-02  -6.86893836E-02   1991.47522       1986.86597       3978.34131    
   121.197479       8.71122107E-02  -6.96927160E-02   2003.52637       1998.80701       4002.33350    
   121.797607       8.89176056E-02  -7.02868253E-02   2015.51721       2010.82837       4026.34570    
   122.397736       8.98386985E-02  -7.15141594E-02   2027.52380       2022.94141       4050.46509    
   122.997864       9.08812732E-02  -7.20938221E-02   2039.51880       2035.09485       4074.61353    
   123.597992       9.40697119E-02  -7.30684474E-02   2051.53784       2047.16455       4098.70264    
   124.198120       9.68648419E-02  -7.48008117E-02   2063.61719       2059.07397       4122.69141    
   124.798248       9.97757092E-02  -7.63662234E-02   2075.64648       2070.98999       4146.63672    
   125.398376      0.102230899      -7.70267248E-02   2087.71338       2082.95459       4170.66797    
   125.998505      0.104304947      -7.70179704E-02   2099.86011       2094.84961       4194.70947    
   126.598633      0.106092371      -7.60579854E-02   2112.01538       2106.78760       4218.80322    
   127.198761      0.106702536      -7.53076300E-02   2124.26001       2118.63647       4242.89648    
   127.798889      0.105736069      -7.50396028E-02   2136.56494       2130.49951       4267.06494    
   128.398712      0.105984509      -7.46096745E-02   2148.82544       2142.37036       4291.19580    
   128.998383      0.106933288      -7.32394680E-02   2161.01416       2154.32568       4315.33984    
   129.598053      0.107256360      -7.05171153E-02   2173.09692       2166.38916       4339.48633    
   130.197723      0.106726222      -6.81435093E-02   2185.16138       2178.58765       4363.74902    
   130.797394      0.105775855      -6.62078932E-02   2197.28052       2190.71069       4387.99121    
   131.397064      0.103618197      -6.44361526E-02   2209.33179       2202.65649       4411.98828    
   131.996735      0.101871453      -6.32779077E-02   2221.44629       2214.70068       4436.14697    
   132.596405      0.101013906      -6.37306273E-02   2233.61328       2226.77197       4460.38574    
   133.196075      0.100036301      -6.19994439E-02   2245.73389       2238.89209       4484.62549    
   133.795746       9.82363299E-02  -5.87547980E-02   2257.81152       2251.22363       4509.03516    
   134.395416       9.59875137E-02  -5.52423447E-02   2269.93652       2263.66724       4533.60400    
   134.995087       9.31127071E-02  -5.23847416E-02   2282.02051       2276.20044       4558.22070    
   135.594757       9.09379423E-02  -5.02190851E-02   2294.05737       2288.61084       4582.66797    
   136.194427       8.87718797E-02  -4.83523086E-02   2306.16846       2301.09253       4607.26074    
   136.794098       8.67677629E-02  -4.58620526E-02   2318.34912       2313.49268       4631.84180    
   137.393768       8.47239047E-02  -4.45039198E-02   2330.49731       2325.85815       4656.35547    
   137.993439       8.27052966E-02  -4.36093248E-02   2342.59692       2338.13037       4680.72705    
   138.593109       8.05803835E-02  -4.37293239E-02   2354.80249       2350.39966       4705.20264    
   139.192780       7.77096227E-02  -4.31045406E-02   2367.09326       2362.62793       4729.72119    
   139.792450       7.49290735E-02  -4.25811037E-02   2379.52441       2374.85327       4754.37744    
   140.392120       7.17880428E-02  -4.25214432E-02   2392.08301       2386.90356       4778.98633    
   140.991791       6.78408071E-02  -4.16646898E-02   2404.54590       2399.04321       4803.58936    
   141.591461       6.29917756E-02  -4.13112566E-02   2417.04248       2411.38330       4828.42578    
   142.191132       5.71570508E-02  -4.26368788E-02   2429.57910       2423.89575       4853.47461    
   142.790802       5.28137647E-02  -4.46013436E-02   2442.05249       2436.35547       4878.40820    
   143.390472       4.81769331E-02  -4.61091436E-02   2454.54199       2448.78027       4903.32227    
   143.990143       4.42581028E-02  -4.78837453E-02   2467.17944       2461.42725       4928.60645    
   144.589813       3.98510881E-02  -5.06995134E-02   2479.72852       2474.16528       4953.89355    
   145.189484       3.65956314E-02  -5.41294627E-02   2492.24121       2486.96387       4979.20459    
   145.789154       3.34758162E-02  -5.78464903E-02   2504.76562       2499.70947       5004.47510    
   146.388824       3.06971259E-02  -6.09006844E-02   2517.40771       2512.43042       5029.83789    
   146.988495       2.83712167E-02  -6.42300025E-02   2530.04175       2525.04248       5055.08398    
   147.588165       2.70553231E-02  -6.78758547E-02   2542.70361       2537.52271       5080.22656    
   148.187836       2.62287483E-02  -7.04756379E-02   2555.40649       2550.12329       5105.52979    
   148.787506       2.54758000E-02  -7.17921034E-02   2568.01270       2562.84595       5130.85889    
   149.387177       2.51018312E-02  -7.27400482E-02   2580.40649       2575.58447       5155.99072    
   149.986847       2.55856775E-02  -7.52093494E-02   2592.73071       2588.23071       5180.96143    
   150.586517       2.65888162E-02  -7.87080899E-02   2604.97070       2600.85522       5205.82617    
   151.186188       2.78041102E-02  -8.30210969E-02   2617.14478       2613.49731       5230.64209    
   151.785858       2.83683874E-02  -8.80223885E-02   2629.25610       2626.19971       5255.45605    
   152.385529       2.87598092E-02  -9.26759765E-02   2641.48267       2638.82568       5280.30811    
   152.985199       2.98785456E-02  -9.59653407E-02   2653.71875       2651.37988       5305.09863    
   153.584869       3.12280282E-02  -9.83646140E-02   2665.92676       2663.91895       5329.84570    
   154.184540       3.24243940E-02 -0.100198381       2678.02271       2676.54492       5354.56738    
   154.784210       3.46257314E-02 -0.102252141       2690.06274       2689.33911       5379.40137    
   155.383881       3.73295397E-02 -0.102987647       2702.08008       2702.18359       5404.26367    
   155.983551       4.08823751E-02 -0.103508167       2714.15967       2714.92969       5429.08936    
   156.583221       4.55779321E-02 -0.104530044       2726.09204       2727.55298       5453.64502    
   157.182892       5.01676127E-02 -0.105381399       2737.86450       2740.04834       5477.91260    
   157.782562       5.47207110E-02 -0.108015224       2749.65210       2752.43506       5502.08740    
   158.382233       5.87253645E-02 -0.111788027       2761.46606       2764.98926       5526.45508    
   158.981903       6.21340014E-02 -0.115907691       2773.19189       2777.60352       5550.79541    
   159.581573       6.53439239E-02 -0.119377710       2784.95483       2790.18896       5575.14404    
   160.181244       6.84480667E-02 -0.121074863       2796.89844       2802.72412       5599.62256    
   160.780914       7.23961145E-02 -0.121781811       2808.85742       2815.12183       5623.97900    
   161.380585       7.69146234E-02 -0.121780753       2820.65039       2827.51611       5648.16650    
   161.980255       8.11257362E-02 -0.122487098       2832.48975       2839.75537       5672.24512    
   162.579926       8.65263492E-02 -0.123772532       2844.37671       2851.76880       5696.14551    
   163.179596       9.13890824E-02 -0.125077352       2856.29199       2863.67114       5719.96338    
   163.779266       9.61986184E-02 -0.126316756       2868.17725       2875.62012       5743.79736    
   164.378937      0.101007544     -0.127668262       2879.90552       2887.52344       5767.42871    
   164.978607      0.106176063     -0.128960699       2891.76221       2899.40332       5791.16553    
   165.578278      0.111993507     -0.131093413       2903.58984       2911.32544       5814.91504    
   166.177948      0.117708042     -0.133055791       2915.30444       2923.30811       5838.61279    
   166.777618      0.123387523     -0.134708256       2926.85449       2935.33325       5862.18799    
   167.377289      0.129041836     -0.137108460       2938.28345       2947.40503       5885.68848    
   167.976959      0.135368481     -0.138496429       2949.65527       2959.41821       5909.07373    
   168.576630      0.141845658     -0.138310775       2961.02734       2971.30811       5932.33496    
   169.176300      0.147296384     -0.137902290       2972.50928       2983.27393       5955.78320    
   169.775970      0.152752236     -0.140682146       2984.12085       2995.33789       5979.45898    
   170.375641      0.156781346     -0.144789606       2995.86792       3007.32275       6003.19043    
   170.975311      0.159206659     -0.149151996       3007.61328       3019.32397       6026.93701    
   171.574982      0.161565900     -0.151973918       3019.28174       3031.30811       6050.58984    
   172.174652      0.164145455     -0.154881328       3030.93579       3043.35083       6074.28662    
   172.774323      0.167621866     -0.157215476       3042.72949       3055.36768       6098.09717    
   173.373993      0.171785906     -0.159172371       3054.46436       3067.26807       6121.73242    
   173.973663      0.176878721     -0.160866186       3066.26831       3079.06860       6145.33691    
   174.573334      0.180531144     -0.163450047       3078.14673       3090.91528       6169.06250    
   175.173004      0.183550790     -0.166810513       3089.92578       3102.78613       6192.71191    
   175.772675      0.187541813     -0.170575723       3101.51562       3114.67017       6216.18555    
   176.372345      0.192246586     -0.175948083       3113.16235       3126.44043       6239.60303    
   176.972015      0.197610423     -0.181186467       3124.90405       3138.27173       6263.17578    
   177.571686      0.203000665     -0.186162338       3136.70312       3150.16211       6286.86523    
   178.171356      0.208632588     -0.191331655       3148.43872       3162.05811       6310.49658    
   178.771027      0.215191796     -0.197645172       3160.41675       3173.96948       6334.38623    
   179.370697      0.222006127     -0.204316705       3172.55469       3185.77368       6358.32861    
   179.970367      0.228811443     -0.211484790       3184.61694       3197.51123       6382.12793    
   180.570038      0.233823344     -0.218791798       3196.61401       3209.26978       6405.88379    
   181.169708      0.238440797     -0.226164281       3208.62524       3220.97705       6429.60254    
   181.769379      0.242075801     -0.232279122       3220.77710       3232.67871       6453.45605    
   182.369049      0.245172381     -0.238965973       3232.80151       3244.37671       6477.17822    
   182.968719      0.249036983     -0.246371582       3244.83105       3255.90454       6500.73584    
   183.568390      0.253396273     -0.252735972       3256.83789       3267.51611       6524.35400    
   184.168060      0.258006513     -0.258356184       3268.72632       3279.12549       6547.85205    
   184.767731      0.263277680     -0.263305873       3280.66602       3290.63550       6571.30176    
   185.367401      0.269053966     -0.268646389       3292.62036       3302.05688       6594.67773    
   185.967072      0.274590492     -0.274463207       3304.58789       3313.57690       6618.16504    
   186.566742      0.280187428     -0.280774981       3316.58057       3325.00684       6641.58740    
   187.166412      0.284936160     -0.287311733       3328.62305       3336.36865       6664.99170    
   187.766083      0.288581789     -0.292645484       3340.66748       3347.73975       6688.40723    
   188.365753      0.291273117     -0.297303289       3352.62231       3359.21069       6711.83350    
   188.965424      0.294684261     -0.301245689       3364.67285       3370.65112       6735.32422    
   189.565094      0.298614025     -0.304363012       3376.68115       3382.05029       6758.73096    
   190.164764      0.301860005     -0.306768417       3388.61792       3393.50366       6782.12158    
   190.764435      0.304931492     -0.309050381       3400.53882       3404.92358       6805.46240    
   191.364105      0.308434010     -0.311642379       3412.44482       3416.13794       6828.58252    
   191.963776      0.312268943     -0.314973295       3424.33472       3427.31592       6851.65137    
   192.563446      0.315399110     -0.316903114       3436.28076       3438.56567       6874.84619    
   193.163116      0.318280607     -0.319075048       3448.20483       3449.83691       6898.04150    
   193.762787      0.321908653     -0.321528018       3460.14673       3461.09644       6921.24316    
   194.362457      0.326304406     -0.324149340       3472.31152       3472.32642       6944.63818    
   194.962128      0.331474572     -0.325789869       3484.55713       3483.64917       6968.20654    
   195.561798      0.335879415     -0.328324616       3496.73438       3494.94849       6991.68311    
   196.161469      0.339912146     -0.331261963       3509.08276       3506.16406       7015.24658    
   196.761139      0.344370365     -0.334415525       3521.42236       3517.27930       7038.70166    
   197.360809      0.348452151     -0.338465542       3533.76074       3528.41724       7062.17773    
   197.960480      0.352914512     -0.343218684       3546.08765       3539.42676       7085.51416    
   198.560150      0.357304662     -0.348405123       3558.54761       3550.44751       7108.99512    
   199.159821      0.360074013     -0.353449374       3570.95508       3561.54321       7132.49854    
   199.759491      0.362857312     -0.358276576       3583.25049       3572.70679       7155.95703    
   200.359161      0.365917325     -0.361629635       3595.38843       3583.91553       7179.30420    
   200.958832      0.368330181     -0.363896668       3607.45044       3595.18921       7202.64014    
   201.558502      0.370505244     -0.366958380       3619.47046       3606.45483       7225.92480    
   202.158173      0.372801721     -0.369431257       3631.41309       3617.81445       7249.22705    
   202.757843      0.376032829     -0.371741295       3643.27319       3629.23682       7272.51025    
   203.357513      0.378143638     -0.373697639       3655.10840       3640.73999       7295.84814    
   203.957184      0.379079968     -0.376102120       3666.92798       3652.24438       7319.17285    
   204.556854      0.380968302     -0.378391087       3678.87158       3663.67310       7342.54492    
   205.156525      0.382996470     -0.380103797       3690.88770       3675.06396       7365.95215    
   205.756195      0.385092914     -0.382183999       3702.70557       3686.49927       7389.20459    
   206.355865      0.385449946     -0.384620339       3714.47754       3697.90601       7412.38379    
   206.955536      0.385619015     -0.386099964       3726.10596       3709.33691       7435.44336    
   207.555206      0.386232704     -0.386593908       3737.82202       3720.80200       7458.62402    
   208.154877      0.387033284     -0.387292027       3749.54932       3732.49756       7482.04639    
   208.754547      0.387816757     -0.389926940       3761.26196       3744.30591       7505.56787    
   209.354218      0.388417274     -0.392029822       3772.98560       3755.95874       7528.94385    
   209.953888      0.389551580     -0.393348366       3784.68164       3767.55908       7552.24072    
   210.553558      0.391565770     -0.393644482       3796.46509       3779.22437       7575.68945    
   211.153229      0.393905103     -0.395034194       3808.46118       3791.02881       7599.48975    
   211.752899      0.395284086     -0.396668404       3820.29150       3802.91675       7623.20801    
   212.352570      0.397106200     -0.399729222       3832.20068       3814.80884       7647.00977    
   212.952240      0.399038672     -0.402846873       3844.16211       3826.56445       7670.72656    
   213.551910      0.402898848     -0.404133022       3856.33887       3838.11719       7694.45605    
   214.151581      0.406291276     -0.405984640       3868.55640       3849.65234       7718.20898    
   214.751251      0.408961654     -0.409120679       3880.81152       3861.20044       7742.01221    
   215.350922      0.412117541     -0.411685407       3893.01172       3873.07251       7766.08398    
   215.950592      0.415577888     -0.412793905       3905.09033       3885.06396       7790.15430    
   216.550262      0.419089407     -0.412990779       3917.20190       3897.03369       7814.23535    
   217.149933      0.423019290     -0.412318707       3929.24805       3908.85669       7838.10498    
   217.749603      0.425011218     -0.410491318       3941.39160       3920.59131       7861.98242    
   218.349274      0.425558239     -0.408897132       3953.47949       3932.42310       7885.90234    
   218.948944      0.424974620     -0.406306893       3965.43872       3944.17676       7909.61621    
   219.548615      0.423665583     -0.402815044       3977.07007       3955.90918       7932.97900    
   220.148285      0.421671629     -0.400858581       3988.59033       3967.72949       7956.31982    
   220.747955      0.419882715     -0.399435669       4000.19360       3979.71313       7979.90723    
   221.347626      0.419512540     -0.399205178       4011.91797       3991.56470       8003.48340    
   221.947296      0.419908404     -0.398117155       4023.54370       4003.56372       8027.10742    
   222.546967      0.421033829     -0.396591663       4035.17236       4015.65479       8050.82715    
   223.146637      0.422377348     -0.394577980       4046.62891       4027.80908       8074.43848    
   223.746307      0.423815519     -0.391789883       4057.97925       4040.04077       8098.02002    
   224.345978      0.423801273     -0.388647497       4069.27319       4052.16553       8121.43848    
   224.945648      0.421433061     -0.385199159       4080.47314       4064.21729       8144.69043    
   225.545319      0.418881983     -0.381618172       4091.73291       4076.09033       8167.82324    
   226.144989      0.415757656     -0.378728896       4103.09863       4088.04150       8191.14014    
   226.744659      0.413032383     -0.375167608       4114.39111       4100.08789       8214.47949    
   227.344330      0.410482287     -0.371177703       4125.73193       4112.13818       8237.87012    
   227.944000      0.408267319     -0.366775781       4137.25537       4124.23779       8261.49316    
   228.543671      0.407276660     -0.364058673       4148.74658       4136.41016       8285.15723    
   229.143341      0.406241030     -0.361323595       4160.32959       4148.54639       8308.87598    
   229.743011      0.404260129     -0.360657215       4172.01367       4160.63574       8332.64941    
   230.342682      0.403379589     -0.360069662       4183.56104       4172.59961       8356.16113    
   230.942352      0.403024316     -0.358683109       4195.15820       4184.74902       8379.90723    
   231.542023      0.401703328     -0.357277602       4206.87354       4196.92383       8403.79785    
   232.141693      0.401199818     -0.355074853       4218.58252       4209.35107       8427.93359    
   232.741364      0.401101440     -0.353188038       4230.22021       4221.73828       8451.95801    
   233.341034      0.400729626     -0.351779401       4241.96875       4234.04053       8476.00977    
   233.940704      0.400096685     -0.350736469       4253.74561       4246.46436       8500.20996    
   234.540375      0.399265319     -0.347655922       4265.53955       4258.95020       8524.48926    
   235.140045      0.398889542     -0.345631897       4277.35400       4271.51074       8548.86523    
   235.739716      0.398494005     -0.343365759       4289.29004       4284.06934       8573.35938    
   236.339386      0.397702157     -0.341382891       4301.18701       4296.57178       8597.75879    
   236.939056      0.396708548     -0.340317369       4313.26367       4309.10010       8622.36328    
   237.538727      0.395676136     -0.340664238       4325.47705       4321.77344       8647.25098    
   238.138397      0.395768911     -0.341789395       4337.99463       4334.34180       8672.33691    
   238.738068      0.397160202     -0.343847334       4350.52783       4346.80176       8697.33008    
   239.337738      0.399775535     -0.346525937       4363.16211       4359.11279       8722.27539    
   239.937408      0.403104305     -0.348899692       4375.75244       4371.12793       8746.87988    
   240.537079      0.407024622     -0.352426529       4388.20801       4383.04590       8771.25488    
   241.136749      0.410511672     -0.354552180       4400.72852       4394.94824       8795.67676    
   241.736420      0.414760739     -0.356567353       4413.09814       4406.73975       8819.83789    
   242.336090      0.419349909     -0.358363867       4425.07471       4418.59229       8843.66699    
   242.935760      0.423918009     -0.360301524       4436.88379       4430.54199       8867.42578    
   243.535431      0.428339690     -0.362093002       4448.53223       4442.48340       8891.01562    
   244.135101      0.432063371     -0.365404576       4460.19775       4454.49365       8914.69141    
   244.734772      0.435656548     -0.368041635       4471.80176       4466.53027       8938.33203    
   245.334442      0.441200793     -0.371613681       4483.25977       4478.61719       8961.87695    
   245.934113      0.447163463     -0.375000447       4494.73584       4490.68848       8985.42383    
   246.533783      0.453601062     -0.377601683       4506.08252       4502.94287       9009.02539    
   247.133453      0.459908992     -0.379709989       4517.45801       4515.29102       9032.74902    
   247.733124      0.465729058     -0.381515592       4528.79834       4527.63818       9056.43652    
   248.332794      0.472657174     -0.383777738       4540.12793       4539.82129       9079.94922    
   248.932465      0.477762312     -0.386358142       4551.35742       4551.95801       9103.31543    
   249.532135      0.481301069     -0.388602108       4562.87061       4564.10059       9126.97168    
   250.131805      0.483817488     -0.390630871       4574.41406       4576.32861       9150.74219    
   250.731476      0.485677063     -0.392985106       4585.77197       4588.61230       9174.38379    
   251.331146      0.487331688     -0.394888282       4597.17383       4600.78857       9197.96289    
   251.930817      0.490310550     -0.396256059       4608.66650       4612.96875       9221.63477    
   252.530487      0.493454248     -0.396950841       4620.08789       4625.17236       9245.26074    
   253.130157      0.494837254     -0.398502558       4631.56348       4637.38623       9268.94922    
   253.729828      0.496588469     -0.399492323       4643.25146       4649.74414       9292.99512    
   254.329498      0.497601479     -0.401050240       4655.04883       4661.97803       9317.02734    
   254.929169      0.498190045     -0.401641697       4666.99805       4674.03564       9341.03320    
   255.528839      0.497975737     -0.402089268       4678.98877       4685.90430       9364.89258    
   256.128693      0.496734470     -0.401892930       4690.97461       4697.72168       9388.69629    
   256.729279      0.496022224     -0.401156843       4703.05371       4709.41699       9412.47070    
   257.329865      0.495649666     -0.400105655       4715.16211       4721.02930       9436.19141    
   257.930450      0.494745225     -0.397573799       4727.14600       4732.67969       9459.82520    
   258.531036      0.495451272     -0.394052148       4739.15869       4744.43213       9483.59082    
   259.131622      0.498434633     -0.390006632       4751.19141       4756.05664       9507.24805    
   259.732208      0.501194179     -0.385737479       4763.09863       4767.43164       9530.53027    
   260.332794      0.502416253     -0.382976443       4775.07715       4778.93555       9554.01270    
   260.933380      0.502230525     -0.380816102       4787.02539       4790.53320       9577.55859    
   261.533966      0.499986291     -0.379157990       4799.00342       4802.23291       9601.23633    
   262.134552      0.497542232     -0.378115565       4811.00293       4814.01270       9625.01562    
   262.735138      0.495314389     -0.375328273       4823.05859       4825.87744       9648.93555    
   263.335724      0.492963672     -0.373259783       4835.02197       4837.78711       9672.80957    
   263.936310      0.489913344     -0.371818066       4847.03516       4849.72998       9696.76465    
   264.536896      0.486020446     -0.369974941       4859.01660       4861.64453       9720.66113    
   265.137482      0.482125133     -0.367901355       4870.95361       4873.57422       9744.52832    
   265.738068      0.478881150     -0.366738617       4882.89062       4885.55420       9768.44434    
   266.338654      0.476773918     -0.364946276       4895.02637       4897.33838       9792.36523    
   266.939240      0.474609911     -0.362332463       4907.16748       4908.96191       9816.12988    
   267.539825      0.472635299     -0.360006243       4919.31885       4920.46338       9839.78223    
   268.140411      0.470307916     -0.359070420       4931.56104       4931.88477       9863.44531    
   268.740997      0.467060149     -0.357432038       4943.74512       4943.29932       9887.04492    
   269.341583      0.463715732     -0.354567438       4955.77002       4954.62891       9910.39844    
   269.942169      0.459875941     -0.351850867       4967.64844       4966.05420       9933.70215    
   270.542755      0.456091315     -0.349309325       4979.59814       4977.57178       9957.16992    
   271.143341      0.453858942     -0.346902013       4991.58105       4989.34521       9980.92676    
   271.743927      0.451660246     -0.345043838       5003.66992       5001.12939       10004.7988    
   272.344513      0.449287832     -0.343881994       5015.49561       5012.99219       10028.4883    
   272.945099      0.447272658     -0.342610508       5027.30566       5024.72119       10052.0273    
   273.545685      0.446797997     -0.343122661       5039.06738       5036.35645       10075.4238    
   274.146271      0.446891606     -0.343619168       5050.72021       5047.94287       10098.6621    
   274.746857      0.446699411     -0.342839241       5062.38574       5059.67090       10122.0557    
   275.347443      0.446433842     -0.341644615       5074.07812       5071.37744       10145.4561    
   275.948029      0.446375400     -0.340678543       5085.60254       5083.28174       10168.8838    
   276.548615      0.447423875     -0.338529378       5097.14648       5095.38623       10192.5332    
   277.149200      0.449291468     -0.334663004       5108.66406       5107.53320       10216.1973    
   277.749786      0.451331586     -0.330777526       5120.24854       5119.61719       10239.8652    
   278.350372      0.452509224     -0.325553477       5131.75146       5131.64160       10263.3936    
   278.950958      0.452396631     -0.320531338       5143.13867       5143.66309       10286.8018    
   279.551544      0.451777160     -0.314191759       5154.36475       5155.55225       10309.9170    
   280.152130      0.451566517     -0.308374971       5165.65674       5167.65332       10333.3105    
   280.752716      0.451435536     -0.303155333       5177.02783       5179.81299       10356.8418    
   281.353302      0.451668859     -0.296768129       5188.42920       5191.95996       10380.3887    
   281.953888      0.451306731     -0.289899915       5199.54004       5204.28613       10403.8252    
   282.554474      0.450464547     -0.283797622       5210.40625       5216.58398       10426.9902    
   283.155060      0.448039114     -0.277699888       5221.14941       5228.60742       10449.7568    
   283.755646      0.445903212     -0.273127407       5231.89697       5240.58984       10472.4863    
   284.356232      0.443891346     -0.268922985       5242.67822       5252.51221       10495.1904    
   284.956818      0.441659093     -0.264178216       5253.50781       5264.15820       10517.6660    
   285.557404      0.439683557     -0.258584291       5264.12061       5275.77881       10539.8994    
   286.157990      0.437795460     -0.252312541       5274.74902       5287.49756       10562.2461    
   286.758575      0.435888529     -0.245761454       5285.55176       5299.28906       10584.8418    
   287.359161      0.433921725     -0.238735914       5296.40527       5311.03418       10607.4395    
   287.959747      0.433301419     -0.231645554       5307.32275       5322.64648       10629.9697    
   288.560333      0.432469964     -0.223960370       5318.21533       5334.22021       10652.4355    
   289.160919      0.431973159     -0.217548996       5329.04785       5346.11182       10675.1602    
   289.761505      0.432832867     -0.211491570       5339.75342       5358.26904       10698.0225    
   290.362091      0.433717191     -0.206493244       5350.68115       5370.48779       10721.1689    
   290.962677      0.434259176     -0.201700464       5361.67920       5382.52490       10744.2041    
   291.563263      0.434612393     -0.198659748       5372.79883       5394.46973       10767.2686    
   292.163849      0.435195059     -0.196809322       5384.05420       5406.29199       10790.3467    
   292.764435      0.436097175     -0.194599777       5395.29688       5418.14941       10813.4463    
   293.365021      0.437333405     -0.193546355       5406.69189       5430.19336       10836.8857    
   293.965607      0.439285219     -0.192964762       5418.16064       5442.36816       10860.5283    
   294.566193      0.440588862     -0.192998394       5429.84863       5454.31543       10884.1641    
   295.166779      0.441393316     -0.193627298       5441.72900       5466.46240       10908.1924    
   295.767365      0.442459464     -0.193369195       5453.67773       5478.61035       10932.2881    
   296.367950      0.442476034     -0.191622213       5465.61914       5490.86230       10956.4814    
   296.968536      0.442981064     -0.190159932       5477.49414       5503.11768       10980.6113    
   297.569122      0.445680469     -0.187779486       5489.46777       5515.25000       11004.7178    
   298.169708      0.448307365     -0.184679136       5501.38184       5527.42139       11028.8027    
   298.770294      0.450478017     -0.181431830       5513.32764       5539.74121       11053.0684    
   299.370880      0.453216165     -0.177671373       5525.36035       5552.06494       11077.4258    
   299.971466      0.458017886     -0.174223185       5537.49121       5564.36963       11101.8604    
